accessed_bytes,id
1e+32,xcvcxvxcvv
